0400000US02,Alaska,720869,78620,10.9,180258,25327,14.1,51329,8384,16.3,128929,16943,13.1,179037,24235,13.5,454213,47464,10.4,176700,22444,12.7,277513,25020,9.0,132192,9992,7.6,86398,5829,6.7,370771,38912,10.5,350098,39708,11.3,464926,34474,7.4,23967,2719,11.3,107926,24632,22.8,46023,6567,14.3,7846,2267,28.9,9732,733,7.5,60449,7228,12.0,51952,4820,9.3,434277,32089,7.4,478760,43873,9.2,31656,6777,21.4,133759,19063,14.3,167511,13485,8.1,145834,4548,3.1,370092,25814,7.0,344700,17775,5.2,182981,8312,4.5,161719,9463,5.9,25392,8039,31.7,16131,5279,32.7,9261,2760,29.8,559276,55473,9.9,243287,4545,1.9,158463,21941,13.8,157526,28987,18.4,37710,(X),(X),100355,(X),(X),126748,(X),(X),167488,(X),(X),181502,(X),(X),296900,(X),(X),393946,(X),(X),480098,(X),(X)